135600
23600
59600
28100
90900
35300
55700
93600
76300
65400
99900
107900
2290800
121200
147500
85700
105000
132400
106300
119400
156300
197000
60800
60900
41000
62000
68000
53300
53300
110100
64000
67000
71800
75300
120300
119700
142800
169600
141400
150400
107100
203800
185800
130800
140700
267500
148100
135500
114100
208300
211200
813200
192900
212500
208700
239300
274600
299500
400900
267600
813600
306600
283000
245800
389200
332400
272000
378100
289300
406800
353200
342900
490100
717100
841000
494500
482300
629000
585900
584500
495900
616300
681800
731200
963700
847500
701500
943300
779800
943200
696900
655400
1276300
722000
814600
874700
757900
911100
984200
824700
885200
884300
890100
1335500
1276100
1232600
964000
963100
1098400
1043700
1471900
1186600
1281700
1127200
1183200
1332100
1461000
1466100
1322300
1344100
1626000
1779100
1728500
1764500
2224500
1893100
2257000
2053800
1907900
1674800
1988700
2623200
2169100
1840800
2146200
2046800
2077500
2355800
2158500
2360700
2177600
2656800
2449000
2299600
2794400
2452700
2747700
3251300
2763500
2932800
3489900
3248800
2913000
3287500
2882500
3141600
4135500
3623800
3709900
3182400
3610800
4265600
3679700
3601300
3573700
4308300
3897900
4152100
4197500
4193600
4794000
4254600
4731500
5158500
4147200
4352200
4751200
5166100
4426700
5175700
5289800
5271000
5459800
4841400
5592800
5190300
5909800
5397500
5719100
6106700
6390700
5458000
7832600
7385900
6106200
6586500
7774300
6543200
7464000
7857700
8014900
6596400
7171000
7972300
7417600
8054300
7399500
7590200
9613400
7234500
8163800
8622000
7763700
7545600
9783200
8497000
8897900
8716900
8797300
8793900
9145400
10438200
8975500
10077900
9440000
9744900
10508800
10059000
11727000
10132300
11278700
10156600
11930000
11000300
10824400
11018900
11159600
11373300
13917500
13494200
12144400
13377900
11985700
11989200
12881700
12732400
13152400
13121900
12914100
14106900
14121000
13056200
13696100
20905000
17396100
14083600
14824400
20805700
14693400
20351900
20231700
14302300
16044000
14689600
16280400
16884500
15674800
15297900
15369800
15480100
18443800
16843800
17412600
17083500
17567500
18316600
18451700
20378400
17551000
19045800
19041400
21552300
19292500
19353800
21041000
18825500
18955600
21487500
21112400
20719200
20629800
21462500
20990600
25447100
21116100
22552800
23559700
25160300
23835800
22908900
22522000
23239500
23096800
23970200
23114700
26030000
25223400
24159100
27736700
26240400
25950300
25383900
26369300
26042700
26553200
29087500
26375500
29322500
27576300
30591300
27256000
27165000
27145600
31137600
28253900
32077800
32646900
31855500
31218300
34354500
35527200
29850100
33320100
33775000
33565100
35180800
32019700
33061900
33703600
34498900
34060800
36257200
33804600
37764600
34982800
38434400
38166500
39544200
38140900
35151600
